  0.00000000    -7.00000000    -7.00000000    -5.00000000    -5.00000000
  0.15000000    -7.05634580    -7.05634530    -5.32854966    -5.32854916
  0.30000000    -7.22662000    -7.22650059    -5.75622663    -5.75610722
  0.45000000    -7.51577570    -7.51309364    -6.27499837    -6.27231631
  0.60000000    -7.93782123    -7.91629317    -6.87273603    -6.85120797
  0.75000000    -8.51793153    -8.42752086    -7.53479276    -7.44438209
  0.90000000    -9.26415765    -9.02868387    -8.24686421    -8.01139043
  1.05000000   -10.14241091    -9.69859340    -8.99690022    -8.55308271
  1.20000000   -11.10821467   -10.41889959    -9.77558446    -9.08626938
  1.35000000   -12.13071999   -11.17588331   -10.57600651    -9.87937376
  1.50000000   -13.19140495   -11.95985736   -11.39311242   -10.70444193
  1.65000000   -14.27898591   -12.76405871   -12.22320199   -11.54360031
  1.80000000   -15.38625676   -13.58372226   -13.06354207   -12.39296223
  1.95000000   -16.50839910   -14.41543247   -13.91208854   -13.25001999
  2.10000000   -17.64206326   -15.25669319   -14.76729141   -14.11306473
  2.25000000   -18.78484422   -16.10564478   -15.62795900   -14.98088052
  2.40000000   -19.93496819   -16.96087662   -16.49316275   -15.85257223
  2.55000000   -21.09109677   -17.82130089   -17.36216992   -16.72746262
  2.70000000   -22.25220031   -18.68606602   -18.23439548   -17.60502784
  2.85000000   -23.41747319   -19.55449630   -19.10936719   -18.48485510
  3.00000000   -24.58627573   -20.42604891   -19.98670000   -19.36661403
