  0.00000000    -3.00000000    -3.00000000    -1.00000000    -1.00000000
  0.15000000    -3.03430820    -3.03331848    -1.22666977    -1.22568005
  0.30000000    -3.14332680    -3.12858136    -1.47499049    -1.46024506
  0.45000000    -3.34027755    -3.27453950    -1.73721196    -1.67147390
  0.60000000    -3.63138581    -3.45863854    -2.00865310    -1.83590583
  0.75000000    -4.00581557    -3.67030489    -2.28642857    -1.95091789
  0.90000000    -4.44267309    -3.90171721    -2.56870269    -2.02774682
  1.05000000    -4.92252960    -4.14739168    -2.85426772    -2.07912980
  1.20000000    -5.43151958    -4.40353694    -3.14230334    -2.11432070
  1.35000000    -5.96058851    -4.66751755    -3.43223603    -2.29307096
  1.50000000    -6.50389156    -4.93747511    -3.72365433    -2.56641644
  1.65000000    -7.05758570    -5.21207569    -4.01625614    -2.84551001
  1.80000000    -7.61907297    -5.49034388    -4.30981515    -3.12872909
  1.95000000    -8.18654559    -5.77155344    -4.60415872    -3.41499215
  2.10000000    -8.75871114    -6.05515440    -4.89915297    -3.70355674
  2.25000000    -9.33462281    -6.34072366    -5.19469261    -3.99389916
  2.40000000    -9.91357189    -6.62793103    -5.49069376    -4.28564086
  2.55000000   -10.49501759    -6.91651539    -5.78708876    -4.57850220
  2.70000000   -11.07854024    -7.20626775    -6.08382249    -4.87227249
  2.85000000   -11.66380923    -7.49701898    -6.38084962    -5.16679026
  3.00000000   -12.25056062    -7.78863085    -6.67813250    -5.46192977
