  0.00000000    -5.00000000    -5.00000000    -3.00000000    -3.00000000
  0.15000000    -5.04509078    -5.04506851    -3.29589530    -3.29587303
  0.30000000    -5.18196378    -5.18063700    -3.65722566    -3.65589887
  0.45000000    -5.41836886    -5.40512016    -4.07218264    -4.05893394
  0.60000000    -5.77091916    -5.71073765    -4.52870666    -4.46852516
  0.75000000    -6.25215945    -6.08373729    -5.01643241    -4.84801025
  0.90000000    -6.84919631    -6.50868895    -5.52732923    -5.18682187
  1.05000000    -7.53097354    -6.97215019    -6.05549129    -5.49666793
  1.20000000    -8.26934435    -7.46385931    -6.59666055    -5.79117550
  1.35000000    -9.04546116    -7.97642700    -7.14777159    -6.25589648
  1.50000000    -9.84757147    -8.50462447    -7.70659970    -6.81193003
  1.65000000   -10.66825296    -9.04474002    -8.27150970    -7.37704881
  1.80000000   -11.50264985    -9.59410530    -8.84128224    -7.94860923
  1.95000000   -12.34746507   -10.15077044    -9.41499445    -8.52491344
  2.10000000   -13.20038348   -10.71328571    -9.99193771    -9.10482248
  2.25000000   -14.05973153   -11.28055494   -10.57156041    -9.68754276
  2.40000000   -14.92426893   -11.85173607   -11.15342764   -10.27250311
  2.55000000   -15.79305654   -12.42617266   -11.73719244   -10.85928097
  2.70000000   -16.66536990   -13.00334605   -12.32257496   -11.44755623
  2.85000000   -17.54064098   -13.58284141   -12.90934716   -12.03708151
  3.00000000   -18.41841803   -14.16432318   -13.49732156   -12.62766226
