  0.00000000    -4.00000000    -4.00000000    -2.00000000    -2.00000000
  0.15000000    -4.03952091    -4.03937245    -2.26925148    -2.26910302
  0.30000000    -4.16087419    -4.15645148    -2.58340625    -2.57898354
  0.45000000    -4.37485623    -4.34538593    -2.93086262    -2.90139232
  0.60000000    -4.69605446    -4.59472738    -3.30231937    -3.20099230
  0.75000000    -5.12571940    -4.89098398    -3.69101916    -3.45628375
  0.90000000    -5.64443428    -5.22207264    -4.09223973    -3.66987809
  1.05000000    -6.22614326    -5.57863315    -4.50270595    -3.85519584
  1.20000000    -6.85018777    -5.95388735    -4.92012848    -4.02382806
  1.35000000    -7.50292311    -6.34304096    -5.34288306    -4.32884061
  1.50000000    -8.17568688    -6.74270467    -5.76979694    -4.74570982
  1.65000000    -8.86289866    -7.15045701    -6.20000800    -5.16976362
  1.80000000    -9.56085133    -7.56454123    -6.63287130    -5.59889928
  1.95000000   -10.26700018    -7.98366109    -7.06789644    -6.03175100
  2.10000000   -10.97954456    -8.40684388    -7.50470482    -6.46739911
  2.25000000   -11.69717565    -8.83334788    -7.94300004    -6.90520379
  2.40000000   -12.41891954    -9.26259894    -8.38254708    -7.34470695
  2.55000000   -13.14403655    -9.69414642    -8.82315740    -7.78557218
  2.70000000   -13.87195475   -10.12763215    -9.26467814    -8.22754692
  2.85000000   -14.60222491   -10.56276810    -9.70698412    -8.67043785
  3.00000000   -15.33448920   -10.99932019   -10.14997191    -9.11409444
