  0.00000000    -6.00000000    -6.00000000    -4.00000000    -4.00000000
  0.15000000    -6.05071427    -6.05071093    -4.31445086    -4.31444752
  0.30000000    -6.20412972    -6.20373169    -4.71216571    -4.71176768
  0.45000000    -6.46609798    -6.46013750    -5.18293477    -5.17697429
  0.60000000    -6.85230025    -6.81635175    -5.71391860    -5.67797010
  0.75000000    -7.38328925    -7.26051655    -6.29204568    -6.16927298
  0.90000000    -8.05595929    -7.77515614    -6.90599228    -6.62518913
  1.05000000    -8.83648581    -8.34281405    -7.54687356    -7.05320180
  1.20000000    -9.68872448    -8.94934664    -8.20806516    -7.46868732
  1.35000000   -10.58807533    -9.58437926    -8.88472706    -8.09877749
  1.50000000   -11.51948366   -10.24057389    -9.57333168    -8.79057024
  1.65000000   -12.47361796   -10.91276208   -10.27128996    -9.49377017
  1.80000000   -13.44445279   -11.59726476   -10.97667951   -10.20513785
  1.95000000   -14.42793189   -12.29141963   -11.68805356   -10.92259458
  2.10000000   -15.42122329   -12.99326480   -12.40430796   -11.64473792
  2.25000000   -16.42228784   -13.70132841   -13.12458848   -12.37058148
  2.40000000   -17.42961855   -14.41448740   -13.84822558   -13.09940733
  2.55000000   -18.44207665   -15.13187138   -14.57468809   -13.83067810
  2.70000000   -19.45878510   -15.85279615   -15.30354978   -14.56398200
  2.85000000   -20.47905709   -16.57671684   -16.03446509   -15.29899727
  3.00000000   -21.50234688   -17.30319443   -16.76715108   -16.03546826
