  0.00000000    -8.00000000    -8.00000000    -6.00000000    -6.00000000
  0.15000000    -8.06197854    -8.06197847    -6.34001344    -6.34001336
  0.30000000    -8.24920773    -8.24917191    -6.79369123    -6.79365540
  0.45000000    -8.56634261    -8.56513570    -7.35516906    -7.35396215
  0.60000000    -9.02594024    -9.01303371    -8.01395378    -8.00104724
  0.75000000    -9.65526622    -9.58824789    -8.75493713    -8.68791880
  0.90000000   -10.47344136   -10.27344136    -9.56133970    -9.36133970
  1.05000000   -11.44860041   -11.04413927   -10.41788676   -10.01342562
  1.20000000   -12.52776194   -11.87752155   -11.31229794   -10.68186523
  1.35000000   -13.67337748   -12.75618857   -12.23532267   -11.61376395
  1.50000000   -14.86332939   -13.66788880   -13.18017713   -12.57032554
  1.65000000   -16.08435470   -14.60415065   -14.14191128   -13.54396700
  1.80000000   -17.32806098   -15.55906623   -15.11689027   -14.53010406
  1.95000000   -18.58886640   -16.52843913   -16.10241360   -15.52575310
  2.10000000   -19.86290325   -17.50922555   -17.09644702   -16.52885847
  2.25000000   -21.14740061   -18.49917182   -18.09743615   -17.53794178
  2.40000000   -22.44031783   -19.49657704   -19.10417657   -18.55190433
  2.55000000   -23.74011689   -20.50013496   -20.11572269   -19.56990826
  2.70000000   -25.04561553   -21.50882658   -21.13132292   -20.59130123
  2.85000000   -26.35588930   -22.52184563   -22.15037304   -21.61556645
  3.00000000   -27.67020458   -23.53854602   -23.17238218   -22.64228858
