  0.00000000    -2.00000000    -2.00000000    -0.00000000    -0.00000000
  0.15000000    -2.03146512    -2.02486677    -0.15000000    -0.14340166
  0.30000000    -2.13718764    -2.08795257    -0.30000000    -0.25076493
  0.45000000    -2.32410945    -2.17598009    -0.45000000    -0.30187064
  0.60000000    -2.58291400    -2.28036764    -0.60000000    -0.29745364
  0.75000000    -2.89575131    -2.39575131    -0.75000000    -0.25000000
  0.90000000    -3.24592286    -2.51875260    -0.90000000    -0.17282973
  1.05000000    -3.62134239    -2.64719212    -1.05000000    -0.07584973
  1.20000000    -4.01403928    -2.77962302    -1.20000000    -0.03441626
  1.35000000    -4.41885621    -2.91505668    -1.35000000    -0.15379953
  1.50000000    -4.83241479    -3.05279911    -1.50000000    -0.27961568
  1.65000000    -5.25244849    -3.19235100    -1.65000000    -0.41009749
  1.80000000    -5.67739549    -3.33334512    -1.80000000    -0.54405036
  1.95000000    -6.10615103    -3.47550599    -1.95000000    -0.68064505
  2.10000000    -6.53791461    -3.61862324    -2.10000000    -0.81929138
  2.25000000    -6.97209334    -3.76253369    -2.25000000    -0.95955965
  2.40000000    -7.40823943    -3.90710894    -2.40000000    -1.10113048
  2.55000000    -7.84600873    -4.05224665    -2.55000000    -1.24376208
  2.70000000    -8.28513259    -4.19786430    -2.70000000    -1.38726829
  2.85000000    -8.72539832    -4.34389466    -2.85000000    -1.53150366
  3.00000000    -9.16663540    -4.49028239    -3.00000000    -1.67635301
