  0.00000000    -1.00000000    -1.00000000     1.00000000     1.00000000
  0.15000000    -1.04403065    -1.00000000     1.00000000     1.04403065
  0.30000000    -1.16619038    -1.00000000     1.00000000     1.16619038
  0.45000000    -1.34536240    -1.00000000     1.00000000     1.34536240
  0.60000000    -1.56204994    -1.00000000     1.00000000     1.56204994
  0.75000000    -1.80277564    -1.00000000     1.00000000     1.80277564
  0.90000000    -2.05912603    -1.00000000     1.00000000     2.05912603
  1.05000000    -2.32594067    -1.00000000     1.00000000     2.32594067
  1.20000000    -2.60000000    -1.00000000     1.00000000     2.60000000
  1.35000000    -2.87923601    -1.00000000     1.00000000     2.87923601
  1.50000000    -3.16227766    -1.00000000     1.00000000     3.16227766
  1.65000000    -3.44818793    -1.00000000     1.00000000     3.44818793
  1.80000000    -3.73630834    -1.00000000     1.00000000     3.73630834
  1.95000000    -4.02616443    -1.00000000     1.00000000     4.02616443
  2.10000000    -4.31740663    -1.00000000     1.00000000     4.31740663
  2.25000000    -4.60977223    -1.00000000     1.00000000     4.60977223
  2.40000000    -4.90306027    -1.00000000     1.00000000     4.90306027
  2.55000000    -5.19711458    -1.00000000     1.00000000     5.19711458
  2.70000000    -5.49181209    -1.00000000     1.00000000     5.49181209
  2.85000000    -5.78705452    -1.00000000     1.00000000     5.78705452
  3.00000000    -6.08276253    -1.00000000     1.00000000     6.08276253
