  0.00000000    -9.00000000    -9.00000000    -7.00000000    -7.00000000
  0.15000000    -9.06761147    -9.06761146    -7.34982643    -7.34982642
  0.30000000    -9.27182471    -9.27181396    -7.82696920    -7.82695846
  0.45000000    -9.61731247    -9.61676936    -8.42750430    -8.42696119
  0.60000000   -10.11566987   -10.10792849    -9.14304753    -9.13530615
  0.75000000   -10.79468803   -10.74479775    -9.95899779    -9.90910751
  0.90000000   -11.68357878   -11.51200188   -10.85671924   -10.68514234
  1.05000000   -12.75496671   -12.38234799   -11.81775578   -11.44513706
  1.20000000   -13.94734002   -13.32833294   -12.82663282   -12.25569176
  1.35000000   -15.21604056   -14.32855918   -13.87150868   -13.31336413
  1.50000000   -16.53525495   -15.36801737   -14.94368177   -14.40014449
  1.65000000   -17.88972375   -16.43643350   -16.03682904   -15.50725463
  1.80000000   -19.26986526   -17.52671473   -17.14633702   -16.62936256
  1.95000000   -20.66933371   -18.63386553   -18.26880160   -17.76296365
  2.10000000   -22.08374325   -19.75428699   -19.40167522   -18.90561860
  2.25000000   -23.50995700   -20.88532874   -20.54302280   -20.05555779
  2.40000000   -24.94566748   -22.02499906   -21.69135283   -21.21145695
  2.55000000   -26.38913702   -23.17177367   -22.84549976   -22.37230085
  2.70000000   -27.83903074   -24.32446683   -24.00454098   -23.53729590
  2.85000000   -29.29430541   -25.48214254   -25.16773742   -24.70581159
  3.00000000   -30.75413343   -26.64405226   -26.33449060   -25.87734005
