  0.00000000       -1.00000000        0.00000000        0.00000000        0.00000000
  0.30000000       -1.02512313        0.00000000        0.00000000        0.00000000
  0.60000000       -1.10302291        0.00000000        0.00000000        0.00000000
  0.90000000       -1.24089699        0.00000000        0.00000000        0.00000000
  1.20000000       -1.43892815        0.00000000        0.00000000        0.00000000
  1.50000000       -1.67877594        0.00000000        0.00000000        0.00000000
  1.80000000       -1.94265674        0.00000000        0.00000000        0.00000000
  2.10000000       -2.22005324        0.00000000        0.00000000        0.00000000
  2.40000000       -2.50414025        0.00000000******************        0.00000000
  2.70000000       -2.79275146        0.00000000        0.00000000        0.00000000
  3.00000000       -3.08319813        0.00000000******************        0.00000000
