  0.00000000       -1.00000000        0.00000000        0.00000000        0.00000000
  0.30000000       -1.02634244        0.00000000        0.00000000        0.00000000
  0.60000000       -1.10700843        0.00000000        0.00000000        0.00000000
  0.90000000       -1.24602276        0.00000000        0.00000000        0.00000000
  1.20000000       -1.43865390        0.00000000        0.00000000        0.00000000
  1.50000000       -1.67292692        0.00000000        0.00000000        0.00000000
  1.80000000       -1.94018206        0.00000000        0.00000000        0.00000000
  2.10000000       -2.21669837        0.00000000        0.00000000        0.00000000
  2.40000000       -2.50115682        0.00000000        0.00000000        0.00000000
  2.70000000       -2.78919338        0.00000000        0.00000000        0.00000000
  3.00000000       -3.07983377        0.00000000        0.00000000        0.00000000
