  0.00000000       -1.00000000        0.00000000        0.00000000        0.00000000
  0.30000000       -1.02799282        0.00000000        0.00000000        0.00000000
  0.60000000       -1.11100875        0.00000000        0.00000000        0.00000000
  0.90000000       -1.24657265        0.00000000        0.00000000        0.00000000
  1.20000000       -1.43100759        0.00000000        0.00000000        0.00000000
  1.50000000       -1.66361895        0.00000000        0.00000000        0.00000000
  1.80000000       -1.92691958        0.00000000        0.00000000        0.00000000
  2.10000000       -2.20567806        0.00000000        0.00000000        0.00000000
  2.40000000       -2.49090419        0.00000000       -0.00000000        0.00000000
  2.70000000       -2.77988348        0.00000000        0.00000000        0.00000000
  3.00000000       -3.07130383        0.00000000       -0.00000000        0.00000000
