  0.00000000       -1.00000000        0.00000000        0.00000000        0.00000000
  0.30000000       -1.02540937        0.00000000        0.00000000        0.00000000
  0.60000000       -1.10456884        0.00000000        0.00000000        0.00000000
  0.90000000       -1.24344716        0.00000000        0.00000000        0.00000000
  1.20000000       -1.44141909        0.00000000        0.00000000        0.00000000
  1.50000000       -1.67869004        0.00000000        0.00000000        0.00000000
  1.80000000       -1.94197270        0.00000000        0.00000000        0.00000000
  2.10000000       -2.21891299        0.00000000        0.00000000        0.00000000
  2.40000000       -2.50317882        0.00000000******************        0.00000000
  2.70000000       -2.79115939        0.00000000        0.00000000        0.00000000
  3.00000000       -3.08179742        0.00000000******************        0.00000000
